gc_used_mem_after	gc_total_avail	gc_defnew_end	gc_defnew_all	gc_paus_time	gc_start_occ	gc_end_occ	gc_main_paus_time	
206	1984
296	1984
313	1984
541	1984
577	1984
687	1984
863	1984
936	1984
965	1984
1409	1984
789	2112
965	1984
1155	1984
1374	1984
1399	1984
720	2112
904	1984
915	1984
1322	1984
568	2112
631	1984
886	1984
907	1984
957	1984
1089	1984
1180	1984
1215	1984
200	2112
504	1984
1016	1984
1278	1984
1426	2112
1630	2956
1665	2956
1855	2956
1978	2956
2047	2956
2080	2956
1464	3084
1841	3084
1907	3084
1918	3084
2030	3084
2164	3084
2202	3084
2379	3084
2396	3084
2522	3084
1864	3468
1926	3684
2133	3684
2180	3684
2215	3684
2312	3684
2329	3684
2503	3684
2554	3684
2839	3684
332	3812
775	3684
1286	3684
1461	3684
1594	3684
1793	3684
2124	3684
2227	3684
2244	3684
2366	3684
2402	3684
2500	3684
2983	3684
3144	3684
1649	3812
1828	3684
1917	3684
2145	3684
2480	3684
2519	3684
2541	3684
2639	3684
2798	3684
2902	3684
2297	3812
2349	4408
2438	4408
2557	4408
2594	4408
2770	4408
2788	4408
3165	4408
3575	4408
603	4536
1023	4408
1535	4408
2046	4408
2557	4408
3067	4408
3578	4408
3869	4408
3530	4536
3639	6464
3719	6464
3819	6464
3906	6464
3929	6464
4374	6464
4505	6464
4530	6464
4944	6464
5109	6464
5200	6464
5312	6464
5527	6464
5581	6464
5630	6464
5698	6464
5769	6464
4052	6592
4147	7332
4596	7332
5067	7332
5578	7332
5695	7332
6030	7332
6540	7332
5532	7588
6235	9992
6937	9992
7355	9992
7387	9992
7441	9992
7719	9992
7766	9992
8149	9992
8235	9992
8285	9992
8610	9992
8724	9992
9129	9992
9177	9992
9201	9992
9271	9992
6859	10760
7450	12332
7493	12332
7869	12332
7932	12332
7994	12332
8137	12332
8363	12332
8451	12332
8839	12332
8966	12332
9295	12332
9486	12332
9828	12332
10030	12332
10119	12332
10405	12332
10550	12332
10799	12332
10950	12332
5950	12588
6585	12332
6698	12332
6856	12332
6996	12332
7074	12332
7180	12332
7985	12332
8816	12332
9647	12332
10212	12332
10891	12332
1880	12588
2710	12332
3275	12332
3513	12332
3754	12332
3887	12332
4385	12332
4616	12332
4673	12332
4721	12332
4865	12332
5015	12332
5782	12332
6613	12332
7444	12332
8153	12332
8228	12332
8283	12332
8913	12332
8988	12332
9135	12332
9261	12332
9705	12332
9757	12332
10036	12332
10289	12332
10484	12332
10520	12332
11225	12332
6178	12588
6307	12332
6470	12332
6567	12332
6637	12332
7199	12332
7425	12332
7573	12332
7741	12332
7938	12332
8124	12332
8592	12332
9423	12332
9663	12332
9722	12332
10016	12332
10093	12332
10157	12332
10598	12332
10688	12332
11307	12332
11357	12332
11446	12332
6490	12716
6676	12332
6834	12332
7101	12332
7190	12332
7512	12332
8041	12332
8468	12332
9300	12332
10028	12332
10614	12332
11179	12332
1879	12936
2710	12332
3085	12332
3917	12332
4747	12332
5577	12332
6408	12332
7238	12332
8069	12332
8899	12332
9729	12332
10560	12332
11390	12332
11648	13100
12205	20952
12444	20952
12516	20952
12561	20952
13085	20952
14075	20952
14118	20952
15037	20952
15409	20952
15614	20952
15898	20952
16192	20952
16461	20952
16571	20952
16963	20952
17814	20952
18078	20952
18168	20952
18682	20952
18733	20952
19200	20952
11270	21848
11529	20952
11616	20952
12399	20952
12529	20952
12605	20952
13755	20952
15141	20952
16548	20952
17955	20952
19157	20952
19247	20952
19321	20952
15168	21080
15463	27204
16214	27204
16391	27204
16566	27204
17199	27204
17365	27204
17367	27204
18402	27204
18509	27204
18826	27204
18925	27204
19902	27204
21033	27204
21169	27204
21777	27204
22259	27204
22523	27204
22833	27204
23225	27204
24011	27204
24593	27204
24780	27204
25239	27204
25389	27204
12763	27844
14489	27204
15489	27204
15881	27204
16962	27204
17183	27204
17207	27204
17534	27204
17730	27204
17921	27204
17869	27204
18472	27204
19784	27204
20773	27204
21461	27204
21575	27204
21911	27204
22101	27204
23003	27204
24608	27204
24710	27204
25151	27204
25462	27204
17711	27332
18033	31824
18514	31824
18955	31824
19698	31824
19939	31824
20009	31824
20683	31824
20930	31824
21767	31824
23702	31824
25813	31824
27924	31824
29347	31824
2828	31824
4939	31824
7050	31824
9161	31824
11271	31824
13382	31824
14714	31824
15217	31824
15464	31824
16213	31824
16687	31824
16940	31824
17016	31824
18259	31824
18403	31824
18600	31824
19174	31824
19348	31824
20774	31824
21215	31824
21786	31824
22541	31824
22743	31824
23043	31824
23759	31824
23875	31824
24163	31824
26104	31824
26222	31824
26628	31824
26801	31824
27236	31824
27584	31824
27981	31824
11489	32208
13600	31824
15710	31824
16735	31824
18743	31824
19112	31824
19271	31824
19531	31824
19589	31824
20188	31824
21804	31824
21974	31824
22441	31824
22608	31824
23128	31824
23379	31824
24039	31824
24931	31824
25634	31824
25888	31824
26320	31824
26421	31824
26934	31824
27104	31824
28068	31824
12839	31952
13505	31824
14263	31824
14798	31824
15306	31824
15794	31824
15992	31824
17502	31824
18071	31824
18207	31824
18388	31824
18695	31824
19099	31824
19511	31824
20059	31824
20942	31824
21268	31824
21255	31824
23151	31824
25262	31824
204	1984
286	1984
339	1984
493	1984
536	1984
651	1984
840	1984
866	1984
1043	1984
1251	1984
745	2112
955	1984
984	1984
1038	1984
1314	1984
1324	1984
1421	1984
926	2112
1355	2112
573	2240
962	2112
1026	2112
1026	2112
1128	2112
1253	2112
1328	2112
1386	2112
1484	2112
347	2496
745	2112
1256	2112
1457	2112
1968	2496
2321	3776
2468	3776
2528	3776
2586	3776
2692	3776
2835	3776
2878	3776
2938	3776
3200	3776
3232	3776
2440	4032
2504	4644
2518	4644
2601	4644
2882	4644
2953	4644
2962	4644
3410	4644
3633	4644
3704	4644
3967	4644
4009	4644
4031	4644
4039	4644
1436	4772
1490	4644
1862	4644
2260	4644
2770	4644
3215	4644
3258	4644
3302	4644
3307	4644
3397	4644
3599	4644
3636	4644
3744	4644
3851	4644
4047	4644
1603	5028
1662	4644
1695	4644
1882	4644
1994	4644
2006	4644
2300	4644
2615	4644
2861	4644
2900	4644
3057	4644
3179	4644
3212	4644
3341	4644
3659	4644
3698	4644
3751	4644
4021	4644
337	5028
711	4644
1068	4644
1580	4644
2091	4644
2600	4644
3111	4644
3622	4644
3749	4772
4260	6828
4771	6828
5265	6828
5573	6828
5674	6828
5769	6828
5800	6828
5966	6828
6030	6828
6092	6828
5326	6956
5964	9584
6603	9584
6616	9584
7142	9584
7172	9584
7791	9584
8429	9584
8742	9584
8798	9584
8883	9584
8921	9584
7693	9712
7956	13848
8156	13848
8269	13848
8744	13848
9217	13848
9453	13848
9664	13848
9669	13848
9982	13848
10414	13848
11298	13848
11822	13848
11957	13848
12057	13848
12582	13848
12764	13848
12804	13848
7014	14104
7394	13848
7450	13848
8210	13848
9169	13848
9463	13848
9723	13848
10162	13848
10236	13848
10306	13848
10386	13848
11140	13848
11207	13848
11434	13848
11481	13848
12021	13848
12253	13848
12619	13848
12714	13848
12757	13848
424	14104
1069	13848
1799	13848
2758	13848
3665	13848
3997	13848
4427	13848
4618	13848
4996	13848
5196	13848
5372	13848
5818	13848
6022	13848
6222	13848
6576	13848
6660	13848
6721	13848
6835	13848
6980	13848
7822	13848
8780	13848
9739	13848
10585	13848
11543	13848
11999	13848
12132	13848
12574	13848
12681	13848
7688	13976
8211	13848
8389	13848
8606	13848
8953	13848
9878	13848
9952	13848
10166	13848
10363	13848
11080	13848
11327	13848
11578	13848
11656	13848
11788	13848
11974	13848
12402	13848
12597	13848
7922	13976
8078	14292
8315	14292
8408	14292
9294	14292
10084	14292
10376	14292
10529	14292
10690	14292
10853	14292
11876	14292
11987	14292
12855	14292
666	14676
1406	14292
2211	14292
3234	14292
4257	14292
5279	14292
6301	14292
7324	14292
8347	14292
9370	14292
10393	14292
11416	14292
12439	14292
12600	14548
14134	22668
14359	22668
15220	22668
15838	22668
16169	22668
16302	22668
16695	22668
16809	22668
17030	22668
17113	22668
18528	22668
20063	22668
18154	23180
19190	32564
19257	32564
19859	32564
20067	32564
20201	32564
21598	32564
21871	32564
23957	32564
24234	32564
24412	32564
24766	32564
25660	32564
26182	32564
26392	32564
26474	32564
27482	32564
27778	32564
28121	32564
28345	32564
21480	32564
23414	32576
23954	32576
24571	32576
24713	32576
25117	32576
25235	32576
26846	32576
28748	32576
18439	32576
18601	32576
19002	32576
19743	32576
20140	32576
20751	32576
21477	32576
21902	32576
22102	32576
22356	32576
23367	32576
25283	32576
26880	32576
28551	32576
11673	32576
12159	32576
12629	32576
12808	32576
12896	32576
14380	32576
14444	32576
14808	32576
15091	32576
15376	32576
16857	32576
17684	32576
18085	32576
18574	32576
19104	32576
19439	32576
19527	32576
19646	32576
21315	32576
21506	32576
21879	32576
21974	32576
22938	32576
24679	32576
26066	32576
27661	32576
29771	32576
7758	32576
9869	32576
10446	32576
10828	32576
10879	32576
12388	32576
12726	32576
12881	32576
13562	32576
14296	32576
14567	32576
14965	32576
15403	32576
17277	32576
17625	32576
17937	32576
18583	32576
18678	32576
19875	32576
21986	32576
24098	32576
25652	32576
26705	32576
28124	32576
28267	32576
16977	32576
18140	32576
18845	32576
18948	32576
19500	32576
21148	32576
21272	32576
21870	32576
22035	32576
22120	32576
22980	32576
23130	32576
23832	32576
25743	32576
27580	32576
28459	32576
14777	32576
15035	32576
15600	32576
16102	32576
16292	32576
17195	32576
19237	32576
21348	32576
22529	32576
22872	32576
22993	32576
23072	32576
24380	32576
25158	32576
25381	32576
25997	32576
26278	32576
26871	32576
27128	32576
27228	32576
28065	32576
28218	32576
16309	32576
17282	32576
17769	32576
18849	32576
19323	32576
19625	32576
20006	32576
20167	32576
21259	32576
22035	32576
22369	32576
22649	32576
22817	32576
23077	32576
23912	32576
25148	32576
26912	32576
29023	32576
