gc_used_mem_after	gc_total_avail	gc_defnew_end	gc_defnew_all	gc_paus_time	gc_start_occ	gc_end_occ	gc_main_paus_time	
139	1984
163	1984
157	1984
216	1984
346	1984
419	1984
432	1984
445	1984
448	1984
452	1984
456	1984
462	1984
467	1984
470	1984
473	1984
479	1984
481	1984
487	1984
494	1984
501	1984
503	1984
508	1984
521	1984
532	1984
535	1984
548	1984
600	1984
584	1984
610	1984
638	1984
649	1984
663	1984
696	1984
727	1984
739	1984
756	1984
803	1984
836	1984
847	1984
906	1984
967	1984
997	1984
1079	1984
1129	1984
1126	1984
1141	1984
1149	1984
1176	1984
1171	1984
1188	1984
1200	1984
1231	1984
1222	1984
1234	1984
1236	1984
1237	1984
1249	1984
1289	1984
1329	1984
1446	1984
1306	2564
1319	2564
1351	2564
1385	2564
1419	2564
1454	2564
1486	2564
1521	2564
1553	2564
1604	2564
1695	2564
1788	2564
1913	2564
2041	2564
1345	2692
1408	2692
1497	2692
1587	2692
1599	2692
1640	2692
1656	2692
1689	2692
1729	2692
1766	2692
1807	2692
1846	2692
1886	2692
1926	2692
1966	2692
2006	2692
2047	2692
2088	2692
2128	2692
1460	2820
1502	3012
1540	3012
1583	3012
1618	3012
1658	3012
1698	3012
1738	3012
1780	3012
1818	3012
1857	3012
1899	3012
1938	3012
1993	3012
2135	3012
2269	3012
2364	3012
2454	3012
1782	3140
1959	3548
2188	3548
2248	3548
2304	3548
2404	3548
2441	3548
2504	3548
2561	3548
2679	3548
2716	3548
2818	3548
2857	3548
2937	3548
1758	3676
1944	3548
2056	3548
2115	3548
2314	3548
2462	3548
2488	3548
2536	3548
2599	3548
2630	3548
2713	3548
2729	3548
2804	3548
2844	3548
2892	3548
2945	3548
2988	3548
1427	3548
1532	3548
1623	3548
1625	3548
1675	3548
1721	3548
1709	3548
1739	3548
1771	3548
1803	3548
1835	3548
1867	3548
1901	3548
1932	3548
1963	3548
1993	3548
2025	3548
2057	3548
2088	3548
2120	3548
2153	3548
2186	3548
2217	3548
2249	3548
2280	3548
2313	3548
2345	3548
2379	3548
2409	3548
2440	3548
2469	3548
2500	3548
2531	3548
2563	3548
2594	3548
2628	3548
2658	3548
2689	3548
2718	3548
2749	3548
2783	3548
2814	3548
2846	3548
2876	3548
2907	3548
2940	3548
2971	3548
2145	3548
2178	4152
2209	4152
2240	4152
2273	4152
2305	4152
2336	4152
2366	4152
2397	4152
2427	4152
2460	4152
2493	4152
2525	4152
2554	4152
2585	4152
2615	4152
2650	4152
2681	4152
2712	4152
2742	4152
2773	4152
2804	4152
2837	4152
2869	4152
2900	4152
2930	4152
2965	4152
2996	4152
3029	4152
3061	4152
3094	4152
3129	4152
3161	4152
3191	4152
3311	4152
3442	4152
3559	4152
3131	4280
3277	5796
3407	5796
3511	5796
3670	5796
3753	5796
3862	5796
3969	5796
4085	5796
4201	5796
4309	5796
4389	5796
4445	5796
4498	5796
4576	5796
4634	5796
4690	5796
4774	5796
4862	5796
4920	5796
5014	5796
5033	5796
5075	5796
5165	5796
2848	6052
3071	5796
3193	5796
3264	5796
3334	5796
3395	5796
3500	5796
3567	5796
3618	5796
3656	5796
3751	5796
3812	5796
3899	5796
3958	5796
4237	5796
4441	5796
4529	5796
4650	5796
4727	5796
4811	5796
4938	5796
4998	5796
5040	5796
5100	5796
5169	5796
2566	5924
2703	5796
2982	5796
3260	5796
3446	5796
3600	5796
3728	5796
3817	5796
3970	5796
4057	5796
4154	5796
4261	5796
4428	5796
4507	5796
4612	5796
4700	5796
4801	5796
4885	5796
5087	5796
5174	5796
5228	5796
2682	5924
2833	5796
2936	5796
3069	5796
3133	5796
3258	5796
3376	5796
3462	5796
3548	5796
3648	5796
3755	5796
4034	5796
4313	5796
4524	5796
4652	5796
4695	5796
4774	5796
4882	5796
4931	5796
5007	5796
5206	5796
1675	5796
1819	5796
1957	5796
2040	5796
2133	5796
2270	5796
2349	5796
2477	5796
2577	5796
2655	5796
2730	5796
2821	5796
2996	5796
3222	5796
3422	5796
3497	5796
3536	5796
3592	5796
3630	5796
3779	5796
3820	5796
3867	5796
3959	5796
4026	5796
4124	5796
4229	5796
4264	5796
4305	5796
4389	5796
4436	5796
4497	5796
4550	5796
4797	5796
4970	5796
5075	5796
5119	5796
5150	5796
5241	5796
5244	5796
1295	5924
1465	5796
1589	5796
1669	5796
1744	5796
1846	5796
1930	5796
1959	5796
1998	5796
2025	5796
2052	5796
2078	5796
2106	5796
2133	5796
2160	5796
2185	5796
2213	5796
2236	5796
2263	5796
2288	5796
2313	5796
2341	5796
2369	5796
2394	5796
2420	5796
2445	5796
2472	5796
2499	5796
2526	5796
2552	5796
2578	5796
2603	5796
2629	5796
2654	5796
2681	5796
2711	5796
2737	5796
2763	5796
2789	5796
2818	5796
2845	5796
2872	5796
2899	5796
2925	5796
2949	5796
2974	5796
2999	5796
3025	5796
3053	5796
3079	5796
3105	5796
3131	5796
3157	5796
3185	5796
3212	5796
3239	5796
3266	5796
3295	5796
3319	5796
3348	5796
3372	5796
3400	5796
3428	5796
3456	5796
3482	5796
3509	5796
3538	5796
3565	5796
3591	5796
3617	5796
3645	5796
3672	5796
3698	5796
3726	5796
3752	5796
3779	5796
3805	5796
3833	5796
3859	5796
3887	5796
3915	5796
3942	5796
3967	5796
3995	5796
4019	5796
4046	5796
4070	5796
4094	5796
4122	5796
4148	5796
4176	5796
4200	5796
4226	5796
4253	5796
4280	5796
4309	5796
4335	5796
4361	5796
4388	5796
4417	5796
4442	5796
4466	5796
4496	5796
4523	5796
4549	5796
4575	5796
4598	5796
4626	5796
4653	5796
4679	5796
4707	5796
4732	5796
4757	5796
4783	5796
4811	5796
4838	5796
4866	5796
4894	5796
4922	5796
4949	5796
4975	5796
5003	5796
5027	5796
5056	5796
5081	5796
5106	5796
5132	5796
5158	5796
5183	5796
5210	5796
5238	5796
5264	5796
4153	5924
4183	7500
4210	7500
4237	7500
4263	7500
4292	7500
4318	7500
4343	7500
4369	7500
4396	7500
4421	7500
4449	7500
4474	7500
4502	7500
4530	7500
4556	7500
4583	7500
4613	7500
4639	7500
4665	7500
4691	7500
4719	7500
4745	7500
4772	7500
4801	7500
4825	7500
4854	7500
4882	7500
4907	7500
4933	7500
4961	7500
4988	7500
5014	7500
5039	7500
5069	7500
5095	7500
5122	7500
5150	7500
5178	7500
5203	7500
5230	7500
5257	7500
5285	7500
5313	7500
5341	7500
5365	7500
5393	7500
5419	7500
5446	7500
5472	7500
5499	7500
5523	7500
5551	7500
5578	7500
5606	7500
5631	7500
5661	7500
5687	7500
5715	7500
5741	7500
5769	7500
5796	7500
5822	7500
5848	7500
5876	7500
5901	7500
5927	7500
5955	7500
5983	7500
6012	7500
6038	7500
6066	7500
6088	7500
6117	7500
6145	7500
6173	7500
6199	7500
6224	7500
6249	7500
6275	7500
6302	7500
6329	7500
6353	7500
6379	7500
6408	7500
6433	7500
6458	7500
6484	7500
6508	7500
6536	7500
6562	7500
6591	7500
6622	7500
6648	7500
6673	7500
6824	7500
6954	7628
7288	12552
7549	12552
7796	12552
8022	12552
8186	12552
8388	12552
8615	12552
8805	12552
8961	12552
9109	12552
9304	12552
9473	12552
9668	12552
9787	12552
10012	12552
10169	12552
10343	12552
10461	12552
10614	12552
10781	12552
10891	12552
11056	12552
11192	12552
11368	12552
11444	12552
11537	12552
5849	12552
6087	12552
6338	12552
6466	12552
6684	12552
6859	12552
7077	12552
7202	12552
7372	12552
7583	12552
7727	12552
7860	12552
8006	12552
8132	12552
8333	12552
8461	12552
8564	12552
8927	12552
9036	12552
9150	12552
9212	12552
9402	12552
9502	12552
9677	12552
9806	12552
9935	12552
10022	12552
10168	12552
10268	12552
10428	12552
10497	12552
10539	12552
10869	12552
11358	12552
5543	12808
6031	12552
6520	12552
7008	12552
7496	12552
7984	12552
8473	12552
8885	12552
9099	12552
9253	12552
9441	12552
9599	12552
9795	12552
9878	12552
10101	12552
10177	12552
10380	12552
10455	12552
10681	12552
10764	12552
10919	12552
11052	12552
11206	12552
6552	12680
7041	12552
7529	12552
8018	12552
8506	12552
8994	12552
9482	12552
9970	12552
10459	12552
10947	12552
11298	12552
9464	12680
9776	16992
10099	16992
10298	16992
10569	16992
11109	16992
11324	16992
11542	16992
11739	16992
11942	16992
12289	16992
12470	16992
12653	16992
12897	16992
13097	16992
13326	16992
13554	16992
13795	16992
14121	16992
14334	16992
14524	16992
14775	16992
14977	16992
15239	16992
15643	16992
15819	16992
8252	17248
8544	16992
9076	16992
9307	16992
9476	16992
9692	16992
9894	16992
10148	16992
10365	16992
10500	16992
10694	16992
10922	16992
11171	16992
11345	16992
11602	16992
11803	16992
11984	16992
12203	16992
12746	16992
13338	16992
13672	16992
13970	16992
14180	16992
14351	16992
14599	16992
15192	16992
15449	16992
15711	16992
8854	17120
9229	16992
9501	16992
9818	16992
10046	16992
10217	16992
10426	16992
10639	16992
10888	16992
11256	16992
11662	16992
11913	16992
12168	16992
12334	16992
12603	16992
12817	16992
12999	16992
13330	16992
13670	16992
13851	16992
14007	16992
14234	16992
14492	16992
14676	16992
14888	16992
15063	16992
15313	16992
15580	16992
15776	16992
8294	17120
8601	16992
9002	16992
9156	16992
9431	16992
9638	16992
9756	16992
9926	16992
10133	16992
10329	16992
10541	16992
10679	16992
10852	16992
11347	16992
11472	16992
11632	16992
11962	16992
12106	16992
12272	16992
12478	16992
12587	16992
12796	16992
12929	16992
13063	16992
13499	16992
13618	16992
13797	16992
13979	16992
14163	16992
14318	16992
14475	16992
14633	16992
14818	16992
15007	16992
15135	16992
15267	16992
15811	16992
4242	17120
4543	16992
4810	16992
5094	16992
5200	16992
5336	16992
5519	16992
5910	16992
5984	16992
6123	16992
6209	16992
6745	16992
6863	16992
7044	16992
7213	16992
7287	16992
7537	16992
7640	16992
7780	16992
7918	16992
8100	16992
8219	16992
8444	16992
8596	16992
8700	16992
8847	16992
9057	16992
9424	16992
9412	16992
9489	16992
9514	16992
9630	16992
9656	16992
9726	16992
9800	16992
9894	16992
9989	16992
10080	16992
10169	16992
10264	16992
10354	16992
10446	16992
10538	16992
10628	16992
10719	16992
10810	16992
10903	16992
10997	16992
11090	16992
11181	16992
11274	16992
11367	16992
11460	16992
11553	16992
11642	16992
11735	16992
11830	16992
11922	16992
12016	16992
12106	16992
12195	16992
12285	16992
12379	16992
12473	16992
12565	16992
12658	16992
12749	16992
12840	16992
12930	16992
13022	16992
13111	16992
13202	16992
13295	16992
13383	16992
13473	16992
13571	16992
13661	16992
13755	16992
13846	16992
13933	16992
14025	16992
14114	16992
14208	16992
14301	16992
14393	16992
14482	16992
14571	16992
14664	16992
14756	16992
14848	16992
14940	16992
15033	16992
15125	16992
15215	16992
15307	16992
15396	16992
15488	16992
15581	16992
15674	16992
15769	16992
6977	16992
7071	16992
7164	16992
7254	16992
7345	16992
7435	16992
7527	16992
7614	16992
7706	16992
7797	16992
7886	16992
7976	16992
8067	16992
8159	16992
8255	16992
8343	16992
8433	16992
8525	16992
8615	16992
8708	16992
8796	16992
8887	16992
8980	16992
9073	16992
9167	16992
9256	16992
9348	16992
9442	16992
9529	16992
9623	16992
9716	16992
9810	16992
9900	16992
9992	16992
10084	16992
10179	16992
10274	16992
10365	16992
10456	16992
10548	16992
10639	16992
10733	16992
10828	16992
10922	16992
11013	16992
11102	16992
11192	16992
11284	16992
11373	16992
11465	16992
11557	16992
11648	16992
11739	16992
11829	16992
11923	16992
12011	16992
12103	16992
12200	16992
12292	16992
12384	16992
12475	16992
12566	16992
12655	16992
12746	16992
12837	16992
12930	16992
13024	16992
13115	16992
13204	16992
13295	16992
13385	16992
13475	16992
13566	16992
13659	16992
13748	16992
13845	16992
13937	16992
14030	16992
14121	16992
14216	16992
14307	16992
14396	16992
14487	16992
14581	16992
14674	16992
14764	16992
14859	16992
14947	16992
15038	16992
15132	16992
15223	16992
15315	16992
15407	16992
15500	16992
15591	16992
15686	16992
15777	16992
15868	17120
16026	28496
16182	28496
16341	28496
16496	28496
16657	28496
16814	28496
16967	28496
17123	28496
17282	28496
17441	28496
17598	28496
17752	28496
17905	28496
18064	28496
18220	28496
18376	28496
18534	28496
18690	28496
18852	28496
19012	28496
19169	28496
19330	28496
19485	28496
19643	28496
19796	28496
19954	28496
20111	28496
20267	28496
20424	28496
20580	28496
20734	28496
20887	28496
21043	28496
21204	28496
21356	28496
21515	28496
21671	28496
21822	28496
21978	28496
22133	28496
22287	28496
22442	28496
22595	28496
22752	28496
22911	28496
23068	28496
23228	28496
23386	28496
23544	28496
23701	28496
23860	28496
24015	28496
24168	28496
24322	28496
24477	28496
24635	28496
24795	28496
24945	28496
25099	28496
25256	28496
25413	28496
25572	28496
25725	28496
25881	28496
26043	28496
26199	28496
26358	28496
26514	28496
26670	28624
26843	32576
27022	32576
27200	32576
27382	32576
27559	32576
27736	32576
27916	32576
28089	32576
28268	32576
28452	32576
28627	32576
28808	32576
28991	32576
29173	32576
29347	32576
29528	32576
29709	32576
29890	32576
30065	32576
30250	32576
30426	32576
30048	32576
30081	32576
30299	32576
29935	32576
29940	32576
30189	32576
29635	32576
29663	32576
29606	32576
29645	32576
28205	32576
28347	32576
28351	32576
29072	32576
27444	32576
27922	32576
28479	32576
28384	32576
28425	32576
28717	32576
27446	32576
28120	32576
28633	32576
28545	32576
28551	32576
27153	32576
27684	32576
28174	32576
27093	32576
27677	32576
28168	32576
28118	32576
28811	32576
26887	32576
27473	32576
27912	32576
28284	32576
26431	32576
27002	32576
27672	32576
28259	32576
24680	32576
25328	32576
25857	32576
26200	32576
26629	32576
27014	32576
27712	32576
28538	32576
25089	32576
25952	32576
26529	32576
27070	32576
27547	32576
27881	32576
28344	32576
25217	32576
25769	32576
26236	32576
26615	32576
27536	32576
27782	32576
28177	32576
25920	32576
26667	32576
27256	32576
27701	32576
28066	32576
28329	32576
22986	32576
24138	32576
24826	32576
25929	32576
26199	32576
26486	32576
26760	32576
27107	32576
27396	32576
27676	32576
27943	32576
28438	32576
23647	32576
24285	32576
24875	32576
25148	32576
25597	32576
26098	32576
26454	32576
26653	32576
26966	32576
27710	32576
28861	32576
23451	32576
24280	32576
24673	32576
25078	32576
25461	32576
25814	32576
26247	32576
26611	32576
27496	32576
28647	32576
23991	32576
24581	32576
24976	32576
25637	32576
25967	32576
26355	32576
26739	32576
27156	32576
27521	32576
27957	32576
29029	32576
22840	32576
23535	32576
24135	32576
24623	32576
25155	32576
25698	32576
26136	32576
26676	32576
27002	32576
27642	32576
27999	32576
28406	32576
23001	32576
23568	32576
24028	32576
24588	32576
24963	32576
25494	32576
25942	32576
26271	32576
26745	32576
27109	32576
27504	32576
28042	32576
28319	32576
19945	32576
20354	32576
20693	32576
21184	32576
22335	32576
23487	32576
24638	32576
25211	32576
25563	32576
25843	32576
26185	32576
26877	32576
27171	32576
27319	32576
27542	32576
28024	32576
28173	32576
17386	32576
17960	32576
18433	32576
18767	32576
19181	32576
19434	32576
20313	32576
21465	32576
22616	32576
23768	32576
24770	32576
25317	32576
25823	32576
26173	32576
26699	32576
27208	32576
27607	32576
28000	32576
28434	32576
16715	32576
17218	32576
17595	32576
18034	32576
18226	32576
18467	32576
19079	32576
19590	32576
20415	32576
20728	32576
20906	32576
21270	32576
21524	32576
21835	32576
22239	32576
22450	32576
22750	32576
23016	32576
23382	32576
23558	32576
23828	32576
24321	32576
24558	32576
24857	32576
25189	32576
25602	32576
26753	32576
27905	32576
28897	32576
15669	32576
16198	32576
16644	32576
17016	32576
17719	32576
18007	32576
18218	32576
18546	32576
18866	32576
19315	32576
19572	32576
19790	32576
20122	32576
20811	32576
21082	32576
21290	32576
21916	32576
22263	32576
22522	32576
22794	32576
23038	32576
23298	32576
23630	32576
24080	32576
24333	32576
24931	32576
26082	32576
27234	32576
28170	32576
15967	32576
16515	32576
16991	32576
17386	32576
17869	32576
18181	32576
18407	32576
18972	32576
20123	32576
21274	32576
22426	32576
23411	32576
24015	32576
24871	32576
25304	32576
25798	32576
26375	32576
26830	32576
27257	32576
27740	32576
28550	32576
19537	32576
20405	32576
21036	32576
21624	32576
22252	32576
22834	32576
23247	32576
23824	32576
24459	32576
24870	32576
25326	32576
25961	32576
26343	32576
26844	32576
27254	32576
27777	32576
28213	32576
16060	32576
16587	32576
17208	32576
17806	32576
18544	32576
19545	32576
19950	32576
20285	32576
20613	32576
21352	32576
21637	32576
21942	32576
22329	32576
22930	32576
23210	32576
23563	32576
24003	32576
24391	32576
25055	32576
25570	32576
25900	32576
26271	32576
26561	32576
27035	32576
27300	32576
27705	32576
28147	32576
28512	32576
16652	32576
17365	32576
17766	32576
18244	32576
18525	32576
18766	32576
19290	32576
20442	32576
20909	32576
21811	32576
22010	32576
22390	32576
22519	32576
22824	32576
23037	32576
23457	32576
23652	32576
23917	32576
24150	32576
24413	32576
24653	32576
24964	32576
25199	32576
25350	32576
25546	32576
25644	32576
26442	32576
26589	32576
26605	32576
26744	32576
27180	32576
27190	32576
27362	32576
27551	32576
line: 1421 -- 27684	32576
line: 1422 -- 27843	32576
